1
14
14
                    0                     0                     0                     0                     0                     0                     0                     0                     0                     0                     0                     0                     0                     0
                    0                     1                     2                     0                     0                     0                     0                     0                     0                     0                     0                     0                     0                     0
                    0                     2                     1                     0                     0                     0                     0                     0                     0                     0                     0                     0                     0                     0
                    0                     0                     0                     2 2.8284271247461902909                     0                     0                     0                     0                     0                     0                     0                     0                     0
                    0                     0                     0 2.8284271247461902909 2.0000000000000004441                     0                     0                     0                     0                     0                     0                     0                     0                     0
                    0                     0                     0                     0                     0 3.0000000000000004441 3.4641016151377543864                     0                     0                     0                     0                     0                     0                     0
                    0                     0                     0                     0                     0 3.4641016151377543864 2.9999999999999995559                     0                     0                     0                     0                     0                     0                     0
                    0                     0                     0                     0                     0                     0                     0 3.9999999999999995559                     4                     0                     0                     0                     0                     0
                    0                     0                     0                     0                     0                     0                     0                     4                     4                     0                     0                     0                     0                     0
                    0                     0                     0                     0                     0                     0                     0                     0                     0                     5 4.4721359549995796101                     0                     0                     0
                    0                     0                     0                     0                     0                     0                     0                     0                     0 4.4721359549995796101 5.0000000000000008882                     0                     0                     0
                    0                     0                     0                     0                     0                     0                     0                     0                     0                     0                     0 6.0000000000000008882 4.8989794855663557627                     0
                    0                     0                     0                     0                     0                     0                     0                     0                     0                     0                     0 4.8989794855663557627 5.9999999999999991118                     0
                    0                     0                     0                     0                     0                     0                     0                     0                     0                     0                     0                     0                     0 6.9999999999999991118
14
14
                    0                     0                     1                     0                     0                     0                     0                     0                     0                     0                     0                     0                     0                     0
                    0                     0                     0                     1                     0                     0                     0                     0                     0                     0                     0                     0                     0                     0
                    0                     0                     0                     0 1.4142135623730951455                     0                     0                     0                     0                     0                     0                     0                     0                     0
                    0                     0                     0                     0                     0 1.4142135623730951455                     0                     0                     0                     0                     0                     0                     0                     0
                    0                     0                     0                     0                     0                     0 1.7320508075688771932                     0                     0                     0                     0                     0                     0                     0
                    0                     0                     0                     0                     0                     0                     0 1.7320508075688771932                     0                     0                     0                     0                     0                     0
                    0                     0                     0                     0                     0                     0                     0                     0                     2                     0                     0                     0                     0                     0
                    0                     0                     0                     0                     0                     0                     0                     0                     0                     2                     0                     0                     0                     0
                    0                     0                     0                     0                     0                     0                     0                     0                     0                     0 2.2360679774997898051                     0                     0                     0
                    0                     0                     0                     0                     0                     0                     0                     0                     0                     0                     0 2.2360679774997898051                     0                     0
                    0                     0                     0                     0                     0                     0                     0                     0                     0                     0                     0                     0 2.4494897427831778813                     0
                    0                     0                     0                     0                     0                     0                     0                     0                     0                     0                     0                     0                     0 2.4494897427831778813
                    0                     0                     0                     0                     0                     0                     0                     0                     0                     0                     0                     0                     0                     0
                    0                     0                     0                     0                     0                     0                     0                     0                     0                     0                     0                     0                     0                     0
14
14
                    0                     0                     0                     0                     0                     0                     0                     0                     0                     0                     0                     0                     0                     0
                    0                     0                     0                     0                     0                     0                     0                     0                     0                     0                     0                     0                     0                     0
                    1                     0                     0                     0                     0                     0                     0                     0                     0                     0                     0                     0                     0                     0
                    0                     1                     0                     0                     0                     0                     0                     0                     0                     0                     0                     0                     0                     0
                    0                     0 1.4142135623730951455                     0                     0                     0                     0                     0                     0                     0                     0                     0                     0                     0
                    0                     0                     0 1.4142135623730951455                     0                     0                     0                     0                     0                     0                     0                     0                     0                     0
                    0                     0                     0                     0 1.7320508075688771932                     0                     0                     0                     0                     0                     0                     0                     0                     0
                    0                     0                     0                     0                     0 1.7320508075688771932                     0                     0                     0                     0                     0                     0                     0                     0
                    0                     0                     0                     0                     0                     0                     2                     0                     0                     0                     0                     0                     0                     0
                    0                     0                     0                     0                     0                     0                     0                     2                     0                     0                     0                     0                     0                     0
                    0                     0                     0                     0                     0                     0                     0                     0 2.2360679774997898051                     0                     0                     0                     0                     0
                    0                     0                     0                     0                     0                     0                     0                     0                     0 2.2360679774997898051                     0                     0                     0                     0
                    0                     0                     0                     0                     0                     0                     0                     0                     0                     0 2.4494897427831778813                     0                     0                     0
                    0                     0                     0                     0                     0                     0                     0                     0                     0                     0                     0 2.4494897427831778813                     0                     0
14
14
                    0                     0                     1                     0                     0                     0                     0                     0                     0                     0                     0                     0                     0                     0
                    0                     0                     0                     1                     0                     0                     0                     0                     0                     0                     0                     0                     0                     0
                    0                     0                     0                     0 1.4142135623730951455                     0                     0                     0                     0                     0                     0                     0                     0                     0
                    0                     0                     0                     0                     0 1.4142135623730951455                     0                     0                     0                     0                     0                     0                     0                     0
                    0                     0                     0                     0                     0                     0 1.7320508075688771932                     0                     0                     0                     0                     0                     0                     0
                    0                     0                     0                     0                     0                     0                     0 1.7320508075688771932                     0                     0                     0                     0                     0                     0
                    0                     0                     0                     0                     0                     0                     0                     0                     2                     0                     0                     0                     0                     0
                    0                     0                     0                     0                     0                     0                     0                     0                     0                     2                     0                     0                     0                     0
                    0                     0                     0                     0                     0                     0                     0                     0                     0                     0 2.2360679774997898051                     0                     0                     0
                    0                     0                     0                     0                     0                     0                     0                     0                     0                     0                     0 2.2360679774997898051                     0                     0
                    0                     0                     0                     0                     0                     0                     0                     0                     0                     0                     0                     0 2.4494897427831778813                     0
                    0                     0                     0                     0                     0                     0                     0                     0                     0                     0                     0                     0                     0 2.4494897427831778813
                    0                     0                     0                     0                     0                     0                     0                     0                     0                     0                     0                     0                     0                     0
                    0                     0                     0                     0                     0                     0                     0                     0                     0                     0                     0                     0                     0                     0
14
14
                    0                     0                     0                     0                     0                     0                     0                     0                     0                     0                     0                     0                     0                     0
                    0                     0                     0                     0                     0                     0                     0                     0                     0                     0                     0                     0                     0                     0
                    1                     0                     0                     0                     0                     0                     0                     0                     0                     0                     0                     0                     0                     0
                    0                     1                     0                     0                     0                     0                     0                     0                     0                     0                     0                     0                     0                     0
                    0                     0 1.4142135623730951455                     0                     0                     0                     0                     0                     0                     0                     0                     0                     0                     0
                    0                     0                     0 1.4142135623730951455                     0                     0                     0                     0                     0                     0                     0                     0                     0                     0
                    0                     0                     0                     0 1.7320508075688771932                     0                     0                     0                     0                     0                     0                     0                     0                     0
                    0                     0                     0                     0                     0 1.7320508075688771932                     0                     0                     0                     0                     0                     0                     0                     0
                    0                     0                     0                     0                     0                     0                     2                     0                     0                     0                     0                     0                     0                     0
                    0                     0                     0                     0                     0                     0                     0                     2                     0                     0                     0                     0                     0                     0
                    0                     0                     0                     0                     0                     0                     0                     0 2.2360679774997898051                     0                     0                     0                     0                     0
                    0                     0                     0                     0                     0                     0                     0                     0                     0 2.2360679774997898051                     0                     0                     0                     0
                    0                     0                     0                     0                     0                     0                     0                     0                     0                     0 2.4494897427831778813                     0                     0                     0
                    0                     0                     0                     0                     0                     0                     0                     0                     0                     0                     0 2.4494897427831778813                     0                     0
14
14
1 0 0 0 0 0 0 0 0 0 0 0 0 0
0 1 0 0 0 0 0 0 0 0 0 0 0 0
0 0 1 0 0 0 0 0 0 0 0 0 0 0
0 0 0 1 0 0 0 0 0 0 0 0 0 0
0 0 0 0 1 0 0 0 0 0 0 0 0 0
0 0 0 0 0 1 0 0 0 0 0 0 0 0
0 0 0 0 0 0 1 0 0 0 0 0 0 0
0 0 0 0 0 0 0 1 0 0 0 0 0 0
0 0 0 0 0 0 0 0 1 0 0 0 0 0
0 0 0 0 0 0 0 0 0 1 0 0 0 0
0 0 0 0 0 0 0 0 0 0 1 0 0 0
0 0 0 0 0 0 0 0 0 0 0 1 0 0
0 0 0 0 0 0 0 0 0 0 0 0 1 0
0 0 0 0 0 0 0 0 0 0 0 0 0 1
